{
 "cells": [
  {
   "cell_type": "markdown",
   "metadata": {},
   "source": [
    "# Clustering spatial data(retail stores) via the latitude, longitude coordinates available for the retail stores. "
   ]
  },
  {
   "cell_type": "markdown",
   "metadata": {},
   "source": [
    "### Importing libs"
   ]
  },
  {
   "cell_type": "code",
   "execution_count": 1,
   "metadata": {},
   "outputs": [],
   "source": [
    "import pandas as pd\n",
    "import numpy as np\n",
    "from sklearn.cluster import KMeans\n",
    "from scipy.spatial.distance import cdist\n",
    "import math\n",
    "import matplotlib.pyplot as plt"
   ]
  },
  {
   "cell_type": "markdown",
   "metadata": {},
   "source": [
    "### Importing data(lat,long coordinates of the stores)"
   ]
  },
  {
   "cell_type": "code",
   "execution_count": 2,
   "metadata": {},
   "outputs": [
    {
     "name": "stdout",
     "output_type": "stream",
     "text": [
      "[[19.0209926  72.8403817 ]\n",
      " [19.2353777  72.8641904 ]\n",
      " [19.1886025  72.85634766]\n",
      " ...\n",
      " [18.45992267 73.81853091]\n",
      " [28.63501809 77.08556006]\n",
      " [18.464077   73.867619  ]]\n"
     ]
    }
   ],
   "source": [
    "df = pd.read_excel('H:\\intern_lovelocal\\ML_Project\\lat_long_google_api.xlsx')\n",
    "X=df.loc[:,['store_latitude','store_longitude']]\n",
    "points= np.array(X)\n",
    "print(points)\n"
   ]
  },
  {
   "cell_type": "markdown",
   "metadata": {},
   "source": [
    "### Calculating distance between retail stores via the Haversine matrix formula"
   ]
  },
  {
   "cell_type": "code",
   "execution_count": 4,
   "metadata": {},
   "outputs": [],
   "source": [
    "def distance(origin, destination): #found here https://gist.github.com/rochacbruno/2883505\n",
    "    lat1, lon1 = origin[0],origin[1]\n",
    "    lat2, lon2 = destination[0],destination[1]\n",
    "    radius = 6371 # km\n",
    "    dlat = math.radians(lat2-lat1)\n",
    "    dlon = math.radians(lon2-lon1)\n",
    "    a = math.sin(dlat/2) * math.sin(dlat/2) + math.cos(math.radians(lat1)) \\\n",
    "        * math.cos(math.radians(lat2)) * math.sin(dlon/2) * math.sin(dlon/2)\n",
    "    c = 2 * math.atan2(math.sqrt(a), math.sqrt(1-a))\n",
    "    d = radius * c\n",
    "\n",
    "    return d"
   ]
  },
  {
   "cell_type": "markdown",
   "metadata": {},
   "source": [
    "### Creating clusters"
   ]
  },
  {
   "cell_type": "code",
   "execution_count": 5,
   "metadata": {},
   "outputs": [],
   "source": [
    "def create_clusters(number_of_clusters,points):    \n",
    "    kmeans = KMeans(n_clusters=number_of_clusters, random_state=0).fit(points)    \n",
    "    id_label=kmeans.labels_    \n",
    "    l_array = np.array([[label] for label in kmeans.labels_])\n",
    "    clusters = np.append(points,l_array,axis=1)\n",
    "    return clusters"
   ]
  },
  {
   "cell_type": "markdown",
   "metadata": {},
   "source": [
    "### Getting cluster centroids"
   ]
  },
  {
   "cell_type": "code",
   "execution_count": 16,
   "metadata": {},
   "outputs": [],
   "source": [
    "def cluster_centroids(number_of_clusters,points):\n",
    "    number_of_clusters=11\n",
    "    \n",
    "    kmeans = KMeans(n_clusters=number_of_clusters, random_state=0).fit(points)\n",
    "    \n",
    "    id_label=kmeans.labels_    \n",
    "    l_array = np.array([[label] for label in kmeans.labels_])\n",
    "    clusters = np.append(points,l_array,axis=1)\n",
    "    centroids = kmeans.cluster_centers_\n",
    "    return clusters,centroids"
   ]
  },
  {
   "cell_type": "markdown",
   "metadata": {},
   "source": [
    "### Validating the solution"
   ]
  },
  {
   "cell_type": "code",
   "execution_count": 6,
   "metadata": {},
   "outputs": [],
   "source": [
    "def validate_solution(max_dist,clusters):\n",
    "    _, __, n_clust = clusters.max(axis=0)\n",
    "    n_clust = int(n_clust)\n",
    "    for i in range(n_clust):\n",
    "        two_d_cluster=clusters[clusters[:,2] == i][:,np.array([True, True, False])]\n",
    "        if not validate_cluster(max_dist,two_d_cluster):\n",
    "            return False\n",
    "        else:\n",
    "            continue\n",
    "    return True"
   ]
  },
  {
   "cell_type": "markdown",
   "metadata": {},
   "source": [
    "### Validating the clusters"
   ]
  },
  {
   "cell_type": "code",
   "execution_count": 7,
   "metadata": {},
   "outputs": [],
   "source": [
    "def validate_cluster(max_dist,cluster):\n",
    "    distances = cdist(cluster,cluster, lambda ori,des: int(round(distance(ori,des))))\n",
    "    print(distances)\n",
    "    print(30*'-')\n",
    "    for item in distances.flatten():\n",
    "        if item > max_dist:\n",
    "            return False\n",
    "    return True\n"
   ]
  },
  {
   "cell_type": "code",
   "execution_count": 8,
   "metadata": {},
   "outputs": [
    {
     "name": "stdout",
     "output_type": "stream",
     "text": [
      "2\n",
      "[[  0. 305. 295. 318. 284. 105. 174. 307. 293. 272. 249. 250.  99. 245.\n",
      "  248.]\n",
      " [305.   0.  11. 170. 107. 272. 262. 257. 315. 101. 447. 444. 259. 442.\n",
      "  449.]\n",
      " [295.  11.   0. 172. 107. 263. 256. 256. 312. 100. 440. 437. 250. 435.\n",
      "  442.]\n",
      " [318. 170. 172.   0.  67. 234. 183.  99. 170.  79. 351. 347. 230. 347.\n",
      "  355.]\n",
      " [284. 107. 107.  67.   0. 216. 183. 150. 211.  14. 366. 363. 208. 361.\n",
      "  369.]\n",
      " [105. 272. 263. 234. 216.   0.  69. 205. 187. 207. 190. 189.  16. 185.\n",
      "  191.]\n",
      " [174. 262. 256. 183. 183.  69.   0. 138. 120. 178. 185. 182.  76. 180.\n",
      "  188.]\n",
      " [307. 257. 256.  99. 150. 205. 138.   0.  74. 156. 272. 267. 209. 268.\n",
      "  276.]\n",
      " [293. 315. 312. 170. 211. 187. 120.  74.   0. 214. 204. 199. 196. 201.\n",
      "  209.]\n",
      " [272. 101. 100.  79.  14. 207. 178. 156. 214.   0. 362. 359. 199. 357.\n",
      "  365.]\n",
      " [249. 447. 440. 351. 366. 190. 185. 272. 204. 362.   0.   5. 206.   5.\n",
      "    5.]\n",
      " [250. 444. 437. 347. 363. 189. 182. 267. 199. 359.   5.   0. 205.   6.\n",
      "   10.]\n",
      " [ 99. 259. 250. 230. 208.  16.  76. 209. 196. 199. 206. 205.   0. 201.\n",
      "  207.]\n",
      " [245. 442. 435. 347. 361. 185. 180. 268. 201. 357.   5.   6. 201.   0.\n",
      "    8.]\n",
      " [248. 449. 442. 355. 369. 191. 188. 276. 209. 365.   5.  10. 207.   8.\n",
      "    0.]]\n",
      "------------------------------\n",
      "False\n",
      "3\n",
      "[[  0. 305. 295. 318. 284. 105. 174. 307. 293. 272. 249. 250.  99. 245.\n",
      "  248.]\n",
      " [305.   0.  11. 170. 107. 272. 262. 257. 315. 101. 447. 444. 259. 442.\n",
      "  449.]\n",
      " [295.  11.   0. 172. 107. 263. 256. 256. 312. 100. 440. 437. 250. 435.\n",
      "  442.]\n",
      " [318. 170. 172.   0.  67. 234. 183.  99. 170.  79. 351. 347. 230. 347.\n",
      "  355.]\n",
      " [284. 107. 107.  67.   0. 216. 183. 150. 211.  14. 366. 363. 208. 361.\n",
      "  369.]\n",
      " [105. 272. 263. 234. 216.   0.  69. 205. 187. 207. 190. 189.  16. 185.\n",
      "  191.]\n",
      " [174. 262. 256. 183. 183.  69.   0. 138. 120. 178. 185. 182.  76. 180.\n",
      "  188.]\n",
      " [307. 257. 256.  99. 150. 205. 138.   0.  74. 156. 272. 267. 209. 268.\n",
      "  276.]\n",
      " [293. 315. 312. 170. 211. 187. 120.  74.   0. 214. 204. 199. 196. 201.\n",
      "  209.]\n",
      " [272. 101. 100.  79.  14. 207. 178. 156. 214.   0. 362. 359. 199. 357.\n",
      "  365.]\n",
      " [249. 447. 440. 351. 366. 190. 185. 272. 204. 362.   0.   5. 206.   5.\n",
      "    5.]\n",
      " [250. 444. 437. 347. 363. 189. 182. 267. 199. 359.   5.   0. 205.   6.\n",
      "   10.]\n",
      " [ 99. 259. 250. 230. 208.  16.  76. 209. 196. 199. 206. 205.   0. 201.\n",
      "  207.]\n",
      " [245. 442. 435. 347. 361. 185. 180. 268. 201. 357.   5.   6. 201.   0.\n",
      "    8.]\n",
      " [248. 449. 442. 355. 369. 191. 188. 276. 209. 365.   5.  10. 207.   8.\n",
      "    0.]]\n",
      "------------------------------\n",
      "False\n",
      "4\n",
      "[[  0. 305. 295. 318. 284. 105. 174. 307. 293. 272. 249. 250.  99. 245.\n",
      "  248.]\n",
      " [305.   0.  11. 170. 107. 272. 262. 257. 315. 101. 447. 444. 259. 442.\n",
      "  449.]\n",
      " [295.  11.   0. 172. 107. 263. 256. 256. 312. 100. 440. 437. 250. 435.\n",
      "  442.]\n",
      " [318. 170. 172.   0.  67. 234. 183.  99. 170.  79. 351. 347. 230. 347.\n",
      "  355.]\n",
      " [284. 107. 107.  67.   0. 216. 183. 150. 211.  14. 366. 363. 208. 361.\n",
      "  369.]\n",
      " [105. 272. 263. 234. 216.   0.  69. 205. 187. 207. 190. 189.  16. 185.\n",
      "  191.]\n",
      " [174. 262. 256. 183. 183.  69.   0. 138. 120. 178. 185. 182.  76. 180.\n",
      "  188.]\n",
      " [307. 257. 256.  99. 150. 205. 138.   0.  74. 156. 272. 267. 209. 268.\n",
      "  276.]\n",
      " [293. 315. 312. 170. 211. 187. 120.  74.   0. 214. 204. 199. 196. 201.\n",
      "  209.]\n",
      " [272. 101. 100.  79.  14. 207. 178. 156. 214.   0. 362. 359. 199. 357.\n",
      "  365.]\n",
      " [249. 447. 440. 351. 366. 190. 185. 272. 204. 362.   0.   5. 206.   5.\n",
      "    5.]\n",
      " [250. 444. 437. 347. 363. 189. 182. 267. 199. 359.   5.   0. 205.   6.\n",
      "   10.]\n",
      " [ 99. 259. 250. 230. 208.  16.  76. 209. 196. 199. 206. 205.   0. 201.\n",
      "  207.]\n",
      " [245. 442. 435. 347. 361. 185. 180. 268. 201. 357.   5.   6. 201.   0.\n",
      "    8.]\n",
      " [248. 449. 442. 355. 369. 191. 188. 276. 209. 365.   5.  10. 207.   8.\n",
      "    0.]]\n",
      "------------------------------\n",
      "False\n",
      "5\n",
      "[[  0. 305. 295. 318. 284. 105. 174. 307. 293. 272. 249. 250.  99. 245.\n",
      "  248.]\n",
      " [305.   0.  11. 170. 107. 272. 262. 257. 315. 101. 447. 444. 259. 442.\n",
      "  449.]\n",
      " [295.  11.   0. 172. 107. 263. 256. 256. 312. 100. 440. 437. 250. 435.\n",
      "  442.]\n",
      " [318. 170. 172.   0.  67. 234. 183.  99. 170.  79. 351. 347. 230. 347.\n",
      "  355.]\n",
      " [284. 107. 107.  67.   0. 216. 183. 150. 211.  14. 366. 363. 208. 361.\n",
      "  369.]\n",
      " [105. 272. 263. 234. 216.   0.  69. 205. 187. 207. 190. 189.  16. 185.\n",
      "  191.]\n",
      " [174. 262. 256. 183. 183.  69.   0. 138. 120. 178. 185. 182.  76. 180.\n",
      "  188.]\n",
      " [307. 257. 256.  99. 150. 205. 138.   0.  74. 156. 272. 267. 209. 268.\n",
      "  276.]\n",
      " [293. 315. 312. 170. 211. 187. 120.  74.   0. 214. 204. 199. 196. 201.\n",
      "  209.]\n",
      " [272. 101. 100.  79.  14. 207. 178. 156. 214.   0. 362. 359. 199. 357.\n",
      "  365.]\n",
      " [249. 447. 440. 351. 366. 190. 185. 272. 204. 362.   0.   5. 206.   5.\n",
      "    5.]\n",
      " [250. 444. 437. 347. 363. 189. 182. 267. 199. 359.   5.   0. 205.   6.\n",
      "   10.]\n",
      " [ 99. 259. 250. 230. 208.  16.  76. 209. 196. 199. 206. 205.   0. 201.\n",
      "  207.]\n",
      " [245. 442. 435. 347. 361. 185. 180. 268. 201. 357.   5.   6. 201.   0.\n",
      "    8.]\n",
      " [248. 449. 442. 355. 369. 191. 188. 276. 209. 365.   5.  10. 207.   8.\n",
      "    0.]]\n",
      "------------------------------\n",
      "False\n",
      "6\n",
      "[[  0. 305. 295. 318. 284. 105. 174. 307. 293. 272. 249. 250.  99. 245.\n",
      "  248.]\n",
      " [305.   0.  11. 170. 107. 272. 262. 257. 315. 101. 447. 444. 259. 442.\n",
      "  449.]\n",
      " [295.  11.   0. 172. 107. 263. 256. 256. 312. 100. 440. 437. 250. 435.\n",
      "  442.]\n",
      " [318. 170. 172.   0.  67. 234. 183.  99. 170.  79. 351. 347. 230. 347.\n",
      "  355.]\n",
      " [284. 107. 107.  67.   0. 216. 183. 150. 211.  14. 366. 363. 208. 361.\n",
      "  369.]\n",
      " [105. 272. 263. 234. 216.   0.  69. 205. 187. 207. 190. 189.  16. 185.\n",
      "  191.]\n",
      " [174. 262. 256. 183. 183.  69.   0. 138. 120. 178. 185. 182.  76. 180.\n",
      "  188.]\n",
      " [307. 257. 256.  99. 150. 205. 138.   0.  74. 156. 272. 267. 209. 268.\n",
      "  276.]\n",
      " [293. 315. 312. 170. 211. 187. 120.  74.   0. 214. 204. 199. 196. 201.\n",
      "  209.]\n",
      " [272. 101. 100.  79.  14. 207. 178. 156. 214.   0. 362. 359. 199. 357.\n",
      "  365.]\n",
      " [249. 447. 440. 351. 366. 190. 185. 272. 204. 362.   0.   5. 206.   5.\n",
      "    5.]\n",
      " [250. 444. 437. 347. 363. 189. 182. 267. 199. 359.   5.   0. 205.   6.\n",
      "   10.]\n",
      " [ 99. 259. 250. 230. 208.  16.  76. 209. 196. 199. 206. 205.   0. 201.\n",
      "  207.]\n",
      " [245. 442. 435. 347. 361. 185. 180. 268. 201. 357.   5.   6. 201.   0.\n",
      "    8.]\n",
      " [248. 449. 442. 355. 369. 191. 188. 276. 209. 365.   5.  10. 207.   8.\n",
      "    0.]]\n",
      "------------------------------\n",
      "False\n",
      "7\n",
      "[[  0. 305. 295. 318. 284. 105. 174. 307. 293. 272. 249. 250.  99. 245.\n",
      "  248.]\n",
      " [305.   0.  11. 170. 107. 272. 262. 257. 315. 101. 447. 444. 259. 442.\n",
      "  449.]\n",
      " [295.  11.   0. 172. 107. 263. 256. 256. 312. 100. 440. 437. 250. 435.\n",
      "  442.]\n",
      " [318. 170. 172.   0.  67. 234. 183.  99. 170.  79. 351. 347. 230. 347.\n",
      "  355.]\n",
      " [284. 107. 107.  67.   0. 216. 183. 150. 211.  14. 366. 363. 208. 361.\n",
      "  369.]\n",
      " [105. 272. 263. 234. 216.   0.  69. 205. 187. 207. 190. 189.  16. 185.\n",
      "  191.]\n",
      " [174. 262. 256. 183. 183.  69.   0. 138. 120. 178. 185. 182.  76. 180.\n",
      "  188.]\n",
      " [307. 257. 256.  99. 150. 205. 138.   0.  74. 156. 272. 267. 209. 268.\n",
      "  276.]\n",
      " [293. 315. 312. 170. 211. 187. 120.  74.   0. 214. 204. 199. 196. 201.\n",
      "  209.]\n",
      " [272. 101. 100.  79.  14. 207. 178. 156. 214.   0. 362. 359. 199. 357.\n",
      "  365.]\n",
      " [249. 447. 440. 351. 366. 190. 185. 272. 204. 362.   0.   5. 206.   5.\n",
      "    5.]\n",
      " [250. 444. 437. 347. 363. 189. 182. 267. 199. 359.   5.   0. 205.   6.\n",
      "   10.]\n",
      " [ 99. 259. 250. 230. 208.  16.  76. 209. 196. 199. 206. 205.   0. 201.\n",
      "  207.]\n",
      " [245. 442. 435. 347. 361. 185. 180. 268. 201. 357.   5.   6. 201.   0.\n",
      "    8.]\n",
      " [248. 449. 442. 355. 369. 191. 188. 276. 209. 365.   5.  10. 207.   8.\n",
      "    0.]]\n",
      "------------------------------\n",
      "False\n",
      "8\n",
      "[[  0. 305. 295. 318. 284. 105. 174. 307. 293. 272. 249. 250.  99. 245.\n",
      "  248.]\n",
      " [305.   0.  11. 170. 107. 272. 262. 257. 315. 101. 447. 444. 259. 442.\n",
      "  449.]\n",
      " [295.  11.   0. 172. 107. 263. 256. 256. 312. 100. 440. 437. 250. 435.\n",
      "  442.]\n",
      " [318. 170. 172.   0.  67. 234. 183.  99. 170.  79. 351. 347. 230. 347.\n",
      "  355.]\n",
      " [284. 107. 107.  67.   0. 216. 183. 150. 211.  14. 366. 363. 208. 361.\n",
      "  369.]\n",
      " [105. 272. 263. 234. 216.   0.  69. 205. 187. 207. 190. 189.  16. 185.\n",
      "  191.]\n",
      " [174. 262. 256. 183. 183.  69.   0. 138. 120. 178. 185. 182.  76. 180.\n",
      "  188.]\n",
      " [307. 257. 256.  99. 150. 205. 138.   0.  74. 156. 272. 267. 209. 268.\n",
      "  276.]\n",
      " [293. 315. 312. 170. 211. 187. 120.  74.   0. 214. 204. 199. 196. 201.\n",
      "  209.]\n",
      " [272. 101. 100.  79.  14. 207. 178. 156. 214.   0. 362. 359. 199. 357.\n",
      "  365.]\n",
      " [249. 447. 440. 351. 366. 190. 185. 272. 204. 362.   0.   5. 206.   5.\n",
      "    5.]\n",
      " [250. 444. 437. 347. 363. 189. 182. 267. 199. 359.   5.   0. 205.   6.\n",
      "   10.]\n",
      " [ 99. 259. 250. 230. 208.  16.  76. 209. 196. 199. 206. 205.   0. 201.\n",
      "  207.]\n",
      " [245. 442. 435. 347. 361. 185. 180. 268. 201. 357.   5.   6. 201.   0.\n",
      "    8.]\n",
      " [248. 449. 442. 355. 369. 191. 188. 276. 209. 365.   5.  10. 207.   8.\n",
      "    0.]]\n",
      "------------------------------\n",
      "False\n",
      "9\n",
      "[[  0. 305. 295. 318. 284. 105. 174. 307. 293. 272. 249. 250.  99. 245.\n",
      "  248.]\n",
      " [305.   0.  11. 170. 107. 272. 262. 257. 315. 101. 447. 444. 259. 442.\n",
      "  449.]\n",
      " [295.  11.   0. 172. 107. 263. 256. 256. 312. 100. 440. 437. 250. 435.\n",
      "  442.]\n",
      " [318. 170. 172.   0.  67. 234. 183.  99. 170.  79. 351. 347. 230. 347.\n",
      "  355.]\n",
      " [284. 107. 107.  67.   0. 216. 183. 150. 211.  14. 366. 363. 208. 361.\n",
      "  369.]\n",
      " [105. 272. 263. 234. 216.   0.  69. 205. 187. 207. 190. 189.  16. 185.\n",
      "  191.]\n",
      " [174. 262. 256. 183. 183.  69.   0. 138. 120. 178. 185. 182.  76. 180.\n",
      "  188.]\n",
      " [307. 257. 256.  99. 150. 205. 138.   0.  74. 156. 272. 267. 209. 268.\n",
      "  276.]\n",
      " [293. 315. 312. 170. 211. 187. 120.  74.   0. 214. 204. 199. 196. 201.\n",
      "  209.]\n",
      " [272. 101. 100.  79.  14. 207. 178. 156. 214.   0. 362. 359. 199. 357.\n",
      "  365.]\n",
      " [249. 447. 440. 351. 366. 190. 185. 272. 204. 362.   0.   5. 206.   5.\n",
      "    5.]\n",
      " [250. 444. 437. 347. 363. 189. 182. 267. 199. 359.   5.   0. 205.   6.\n",
      "   10.]\n",
      " [ 99. 259. 250. 230. 208.  16.  76. 209. 196. 199. 206. 205.   0. 201.\n",
      "  207.]\n",
      " [245. 442. 435. 347. 361. 185. 180. 268. 201. 357.   5.   6. 201.   0.\n",
      "    8.]\n",
      " [248. 449. 442. 355. 369. 191. 188. 276. 209. 365.   5.  10. 207.   8.\n",
      "    0.]]\n",
      "------------------------------\n",
      "False\n",
      "10\n",
      "[[  0. 305. 295. 318. 284. 105. 174. 307. 293. 272. 249. 250.  99. 245.\n",
      "  248.]\n",
      " [305.   0.  11. 170. 107. 272. 262. 257. 315. 101. 447. 444. 259. 442.\n",
      "  449.]\n",
      " [295.  11.   0. 172. 107. 263. 256. 256. 312. 100. 440. 437. 250. 435.\n",
      "  442.]\n",
      " [318. 170. 172.   0.  67. 234. 183.  99. 170.  79. 351. 347. 230. 347.\n",
      "  355.]\n",
      " [284. 107. 107.  67.   0. 216. 183. 150. 211.  14. 366. 363. 208. 361.\n",
      "  369.]\n",
      " [105. 272. 263. 234. 216.   0.  69. 205. 187. 207. 190. 189.  16. 185.\n",
      "  191.]\n",
      " [174. 262. 256. 183. 183.  69.   0. 138. 120. 178. 185. 182.  76. 180.\n",
      "  188.]\n",
      " [307. 257. 256.  99. 150. 205. 138.   0.  74. 156. 272. 267. 209. 268.\n",
      "  276.]\n",
      " [293. 315. 312. 170. 211. 187. 120.  74.   0. 214. 204. 199. 196. 201.\n",
      "  209.]\n",
      " [272. 101. 100.  79.  14. 207. 178. 156. 214.   0. 362. 359. 199. 357.\n",
      "  365.]\n",
      " [249. 447. 440. 351. 366. 190. 185. 272. 204. 362.   0.   5. 206.   5.\n",
      "    5.]\n",
      " [250. 444. 437. 347. 363. 189. 182. 267. 199. 359.   5.   0. 205.   6.\n",
      "   10.]\n",
      " [ 99. 259. 250. 230. 208.  16.  76. 209. 196. 199. 206. 205.   0. 201.\n",
      "  207.]\n",
      " [245. 442. 435. 347. 361. 185. 180. 268. 201. 357.   5.   6. 201.   0.\n",
      "    8.]\n",
      " [248. 449. 442. 355. 369. 191. 188. 276. 209. 365.   5.  10. 207.   8.\n",
      "    0.]]\n",
      "------------------------------\n",
      "False\n",
      "11\n",
      "[[  0. 305. 295. 318. 284. 105. 174. 307. 293. 272. 249. 250.  99. 245.\n",
      "  248.]\n",
      " [305.   0.  11. 170. 107. 272. 262. 257. 315. 101. 447. 444. 259. 442.\n",
      "  449.]\n",
      " [295.  11.   0. 172. 107. 263. 256. 256. 312. 100. 440. 437. 250. 435.\n",
      "  442.]\n",
      " [318. 170. 172.   0.  67. 234. 183.  99. 170.  79. 351. 347. 230. 347.\n",
      "  355.]\n",
      " [284. 107. 107.  67.   0. 216. 183. 150. 211.  14. 366. 363. 208. 361.\n",
      "  369.]\n",
      " [105. 272. 263. 234. 216.   0.  69. 205. 187. 207. 190. 189.  16. 185.\n",
      "  191.]\n",
      " [174. 262. 256. 183. 183.  69.   0. 138. 120. 178. 185. 182.  76. 180.\n",
      "  188.]\n",
      " [307. 257. 256.  99. 150. 205. 138.   0.  74. 156. 272. 267. 209. 268.\n",
      "  276.]\n",
      " [293. 315. 312. 170. 211. 187. 120.  74.   0. 214. 204. 199. 196. 201.\n",
      "  209.]\n",
      " [272. 101. 100.  79.  14. 207. 178. 156. 214.   0. 362. 359. 199. 357.\n",
      "  365.]\n",
      " [249. 447. 440. 351. 366. 190. 185. 272. 204. 362.   0.   5. 206.   5.\n",
      "    5.]\n",
      " [250. 444. 437. 347. 363. 189. 182. 267. 199. 359.   5.   0. 205.   6.\n",
      "   10.]\n",
      " [ 99. 259. 250. 230. 208.  16.  76. 209. 196. 199. 206. 205.   0. 201.\n",
      "  207.]\n",
      " [245. 442. 435. 347. 361. 185. 180. 268. 201. 357.   5.   6. 201.   0.\n",
      "    8.]\n",
      " [248. 449. 442. 355. 369. 191. 188. 276. 209. 365.   5.  10. 207.   8.\n",
      "    0.]]\n",
      "------------------------------\n",
      "False\n",
      "12\n",
      "[[  0. 305. 295. 318. 284. 105. 174. 307. 293. 272. 249. 250.  99. 245.\n",
      "  248.]\n",
      " [305.   0.  11. 170. 107. 272. 262. 257. 315. 101. 447. 444. 259. 442.\n",
      "  449.]\n",
      " [295.  11.   0. 172. 107. 263. 256. 256. 312. 100. 440. 437. 250. 435.\n",
      "  442.]\n",
      " [318. 170. 172.   0.  67. 234. 183.  99. 170.  79. 351. 347. 230. 347.\n",
      "  355.]\n",
      " [284. 107. 107.  67.   0. 216. 183. 150. 211.  14. 366. 363. 208. 361.\n",
      "  369.]\n",
      " [105. 272. 263. 234. 216.   0.  69. 205. 187. 207. 190. 189.  16. 185.\n",
      "  191.]\n",
      " [174. 262. 256. 183. 183.  69.   0. 138. 120. 178. 185. 182.  76. 180.\n",
      "  188.]\n",
      " [307. 257. 256.  99. 150. 205. 138.   0.  74. 156. 272. 267. 209. 268.\n",
      "  276.]\n",
      " [293. 315. 312. 170. 211. 187. 120.  74.   0. 214. 204. 199. 196. 201.\n",
      "  209.]\n",
      " [272. 101. 100.  79.  14. 207. 178. 156. 214.   0. 362. 359. 199. 357.\n",
      "  365.]\n",
      " [249. 447. 440. 351. 366. 190. 185. 272. 204. 362.   0.   5. 206.   5.\n",
      "    5.]\n",
      " [250. 444. 437. 347. 363. 189. 182. 267. 199. 359.   5.   0. 205.   6.\n",
      "   10.]\n",
      " [ 99. 259. 250. 230. 208.  16.  76. 209. 196. 199. 206. 205.   0. 201.\n",
      "  207.]\n",
      " [245. 442. 435. 347. 361. 185. 180. 268. 201. 357.   5.   6. 201.   0.\n",
      "    8.]\n",
      " [248. 449. 442. 355. 369. 191. 188. 276. 209. 365.   5.  10. 207.   8.\n",
      "    0.]]\n",
      "------------------------------\n",
      "False\n",
      "13\n",
      "[[  0. 305. 295. 318. 284. 105. 174. 307. 293. 272. 249. 250.  99. 245.\n",
      "  248.]\n",
      " [305.   0.  11. 170. 107. 272. 262. 257. 315. 101. 447. 444. 259. 442.\n",
      "  449.]\n",
      " [295.  11.   0. 172. 107. 263. 256. 256. 312. 100. 440. 437. 250. 435.\n",
      "  442.]\n",
      " [318. 170. 172.   0.  67. 234. 183.  99. 170.  79. 351. 347. 230. 347.\n",
      "  355.]\n",
      " [284. 107. 107.  67.   0. 216. 183. 150. 211.  14. 366. 363. 208. 361.\n",
      "  369.]\n",
      " [105. 272. 263. 234. 216.   0.  69. 205. 187. 207. 190. 189.  16. 185.\n",
      "  191.]\n",
      " [174. 262. 256. 183. 183.  69.   0. 138. 120. 178. 185. 182.  76. 180.\n",
      "  188.]\n",
      " [307. 257. 256.  99. 150. 205. 138.   0.  74. 156. 272. 267. 209. 268.\n",
      "  276.]\n",
      " [293. 315. 312. 170. 211. 187. 120.  74.   0. 214. 204. 199. 196. 201.\n",
      "  209.]\n",
      " [272. 101. 100.  79.  14. 207. 178. 156. 214.   0. 362. 359. 199. 357.\n",
      "  365.]\n",
      " [249. 447. 440. 351. 366. 190. 185. 272. 204. 362.   0.   5. 206.   5.\n",
      "    5.]\n",
      " [250. 444. 437. 347. 363. 189. 182. 267. 199. 359.   5.   0. 205.   6.\n",
      "   10.]\n",
      " [ 99. 259. 250. 230. 208.  16.  76. 209. 196. 199. 206. 205.   0. 201.\n",
      "  207.]\n",
      " [245. 442. 435. 347. 361. 185. 180. 268. 201. 357.   5.   6. 201.   0.\n",
      "    8.]\n",
      " [248. 449. 442. 355. 369. 191. 188. 276. 209. 365.   5.  10. 207.   8.\n",
      "    0.]]\n",
      "------------------------------\n",
      "False\n",
      "14\n",
      "[[  0. 305. 295. 318. 284. 105. 174. 307. 293. 272. 249. 250.  99. 245.\n",
      "  248.]\n",
      " [305.   0.  11. 170. 107. 272. 262. 257. 315. 101. 447. 444. 259. 442.\n",
      "  449.]\n",
      " [295.  11.   0. 172. 107. 263. 256. 256. 312. 100. 440. 437. 250. 435.\n",
      "  442.]\n",
      " [318. 170. 172.   0.  67. 234. 183.  99. 170.  79. 351. 347. 230. 347.\n",
      "  355.]\n",
      " [284. 107. 107.  67.   0. 216. 183. 150. 211.  14. 366. 363. 208. 361.\n",
      "  369.]\n",
      " [105. 272. 263. 234. 216.   0.  69. 205. 187. 207. 190. 189.  16. 185.\n",
      "  191.]\n",
      " [174. 262. 256. 183. 183.  69.   0. 138. 120. 178. 185. 182.  76. 180.\n",
      "  188.]\n",
      " [307. 257. 256.  99. 150. 205. 138.   0.  74. 156. 272. 267. 209. 268.\n",
      "  276.]\n",
      " [293. 315. 312. 170. 211. 187. 120.  74.   0. 214. 204. 199. 196. 201.\n",
      "  209.]\n",
      " [272. 101. 100.  79.  14. 207. 178. 156. 214.   0. 362. 359. 199. 357.\n",
      "  365.]\n",
      " [249. 447. 440. 351. 366. 190. 185. 272. 204. 362.   0.   5. 206.   5.\n",
      "    5.]\n",
      " [250. 444. 437. 347. 363. 189. 182. 267. 199. 359.   5.   0. 205.   6.\n",
      "   10.]\n",
      " [ 99. 259. 250. 230. 208.  16.  76. 209. 196. 199. 206. 205.   0. 201.\n",
      "  207.]\n",
      " [245. 442. 435. 347. 361. 185. 180. 268. 201. 357.   5.   6. 201.   0.\n",
      "    8.]\n",
      " [248. 449. 442. 355. 369. 191. 188. 276. 209. 365.   5.  10. 207.   8.\n",
      "    0.]]\n",
      "------------------------------\n",
      "False\n",
      "15\n",
      "[[  0. 305. 295. 318. 284. 105. 174. 307. 293. 272. 249. 250.  99. 245.\n",
      "  248.]\n",
      " [305.   0.  11. 170. 107. 272. 262. 257. 315. 101. 447. 444. 259. 442.\n",
      "  449.]\n",
      " [295.  11.   0. 172. 107. 263. 256. 256. 312. 100. 440. 437. 250. 435.\n",
      "  442.]\n",
      " [318. 170. 172.   0.  67. 234. 183.  99. 170.  79. 351. 347. 230. 347.\n",
      "  355.]\n",
      " [284. 107. 107.  67.   0. 216. 183. 150. 211.  14. 366. 363. 208. 361.\n",
      "  369.]\n",
      " [105. 272. 263. 234. 216.   0.  69. 205. 187. 207. 190. 189.  16. 185.\n",
      "  191.]\n",
      " [174. 262. 256. 183. 183.  69.   0. 138. 120. 178. 185. 182.  76. 180.\n",
      "  188.]\n",
      " [307. 257. 256.  99. 150. 205. 138.   0.  74. 156. 272. 267. 209. 268.\n",
      "  276.]\n",
      " [293. 315. 312. 170. 211. 187. 120.  74.   0. 214. 204. 199. 196. 201.\n",
      "  209.]\n",
      " [272. 101. 100.  79.  14. 207. 178. 156. 214.   0. 362. 359. 199. 357.\n",
      "  365.]\n",
      " [249. 447. 440. 351. 366. 190. 185. 272. 204. 362.   0.   5. 206.   5.\n",
      "    5.]\n",
      " [250. 444. 437. 347. 363. 189. 182. 267. 199. 359.   5.   0. 205.   6.\n",
      "   10.]\n",
      " [ 99. 259. 250. 230. 208.  16.  76. 209. 196. 199. 206. 205.   0. 201.\n",
      "  207.]\n",
      " [245. 442. 435. 347. 361. 185. 180. 268. 201. 357.   5.   6. 201.   0.\n",
      "    8.]\n",
      " [248. 449. 442. 355. 369. 191. 188. 276. 209. 365.   5.  10. 207.   8.\n",
      "    0.]]\n",
      "------------------------------\n",
      "False\n",
      "16\n",
      "[[  0. 305. 295. 318. 284. 105. 174. 307. 293. 272. 249. 250.  99. 245.\n",
      "  248.]\n",
      " [305.   0.  11. 170. 107. 272. 262. 257. 315. 101. 447. 444. 259. 442.\n",
      "  449.]\n",
      " [295.  11.   0. 172. 107. 263. 256. 256. 312. 100. 440. 437. 250. 435.\n",
      "  442.]\n",
      " [318. 170. 172.   0.  67. 234. 183.  99. 170.  79. 351. 347. 230. 347.\n",
      "  355.]\n",
      " [284. 107. 107.  67.   0. 216. 183. 150. 211.  14. 366. 363. 208. 361.\n",
      "  369.]\n",
      " [105. 272. 263. 234. 216.   0.  69. 205. 187. 207. 190. 189.  16. 185.\n",
      "  191.]\n",
      " [174. 262. 256. 183. 183.  69.   0. 138. 120. 178. 185. 182.  76. 180.\n",
      "  188.]\n",
      " [307. 257. 256.  99. 150. 205. 138.   0.  74. 156. 272. 267. 209. 268.\n",
      "  276.]\n",
      " [293. 315. 312. 170. 211. 187. 120.  74.   0. 214. 204. 199. 196. 201.\n",
      "  209.]\n",
      " [272. 101. 100.  79.  14. 207. 178. 156. 214.   0. 362. 359. 199. 357.\n",
      "  365.]\n",
      " [249. 447. 440. 351. 366. 190. 185. 272. 204. 362.   0.   5. 206.   5.\n",
      "    5.]\n",
      " [250. 444. 437. 347. 363. 189. 182. 267. 199. 359.   5.   0. 205.   6.\n",
      "   10.]\n",
      " [ 99. 259. 250. 230. 208.  16.  76. 209. 196. 199. 206. 205.   0. 201.\n",
      "  207.]\n",
      " [245. 442. 435. 347. 361. 185. 180. 268. 201. 357.   5.   6. 201.   0.\n",
      "    8.]\n",
      " [248. 449. 442. 355. 369. 191. 188. 276. 209. 365.   5.  10. 207.   8.\n",
      "    0.]]\n",
      "------------------------------\n",
      "False\n",
      "17\n",
      "[[  0. 305. 295. 318. 284. 105. 174. 307. 293. 272. 249. 250.  99. 245.\n",
      "  248.]\n",
      " [305.   0.  11. 170. 107. 272. 262. 257. 315. 101. 447. 444. 259. 442.\n",
      "  449.]\n",
      " [295.  11.   0. 172. 107. 263. 256. 256. 312. 100. 440. 437. 250. 435.\n",
      "  442.]\n",
      " [318. 170. 172.   0.  67. 234. 183.  99. 170.  79. 351. 347. 230. 347.\n",
      "  355.]\n",
      " [284. 107. 107.  67.   0. 216. 183. 150. 211.  14. 366. 363. 208. 361.\n",
      "  369.]\n",
      " [105. 272. 263. 234. 216.   0.  69. 205. 187. 207. 190. 189.  16. 185.\n",
      "  191.]\n",
      " [174. 262. 256. 183. 183.  69.   0. 138. 120. 178. 185. 182.  76. 180.\n",
      "  188.]\n",
      " [307. 257. 256.  99. 150. 205. 138.   0.  74. 156. 272. 267. 209. 268.\n",
      "  276.]\n",
      " [293. 315. 312. 170. 211. 187. 120.  74.   0. 214. 204. 199. 196. 201.\n",
      "  209.]\n",
      " [272. 101. 100.  79.  14. 207. 178. 156. 214.   0. 362. 359. 199. 357.\n",
      "  365.]\n",
      " [249. 447. 440. 351. 366. 190. 185. 272. 204. 362.   0.   5. 206.   5.\n",
      "    5.]\n",
      " [250. 444. 437. 347. 363. 189. 182. 267. 199. 359.   5.   0. 205.   6.\n",
      "   10.]\n",
      " [ 99. 259. 250. 230. 208.  16.  76. 209. 196. 199. 206. 205.   0. 201.\n",
      "  207.]\n",
      " [245. 442. 435. 347. 361. 185. 180. 268. 201. 357.   5.   6. 201.   0.\n",
      "    8.]\n",
      " [248. 449. 442. 355. 369. 191. 188. 276. 209. 365.   5.  10. 207.   8.\n",
      "    0.]]\n",
      "------------------------------\n",
      "False\n",
      "18\n",
      "[[  0. 305. 295. 318. 284. 105. 174. 307. 293. 272. 249. 250.  99. 245.\n",
      "  248.]\n",
      " [305.   0.  11. 170. 107. 272. 262. 257. 315. 101. 447. 444. 259. 442.\n",
      "  449.]\n",
      " [295.  11.   0. 172. 107. 263. 256. 256. 312. 100. 440. 437. 250. 435.\n",
      "  442.]\n",
      " [318. 170. 172.   0.  67. 234. 183.  99. 170.  79. 351. 347. 230. 347.\n",
      "  355.]\n",
      " [284. 107. 107.  67.   0. 216. 183. 150. 211.  14. 366. 363. 208. 361.\n",
      "  369.]\n",
      " [105. 272. 263. 234. 216.   0.  69. 205. 187. 207. 190. 189.  16. 185.\n",
      "  191.]\n",
      " [174. 262. 256. 183. 183.  69.   0. 138. 120. 178. 185. 182.  76. 180.\n",
      "  188.]\n",
      " [307. 257. 256.  99. 150. 205. 138.   0.  74. 156. 272. 267. 209. 268.\n",
      "  276.]\n",
      " [293. 315. 312. 170. 211. 187. 120.  74.   0. 214. 204. 199. 196. 201.\n",
      "  209.]\n",
      " [272. 101. 100.  79.  14. 207. 178. 156. 214.   0. 362. 359. 199. 357.\n",
      "  365.]\n",
      " [249. 447. 440. 351. 366. 190. 185. 272. 204. 362.   0.   5. 206.   5.\n",
      "    5.]\n",
      " [250. 444. 437. 347. 363. 189. 182. 267. 199. 359.   5.   0. 205.   6.\n",
      "   10.]\n",
      " [ 99. 259. 250. 230. 208.  16.  76. 209. 196. 199. 206. 205.   0. 201.\n",
      "  207.]\n",
      " [245. 442. 435. 347. 361. 185. 180. 268. 201. 357.   5.   6. 201.   0.\n",
      "    8.]\n",
      " [248. 449. 442. 355. 369. 191. 188. 276. 209. 365.   5.  10. 207.   8.\n",
      "    0.]]\n",
      "------------------------------\n",
      "False\n",
      "19\n",
      "[[  0. 305. 295. 318. 284. 105. 174. 307. 293. 272. 249. 250.  99. 245.\n",
      "  248.]\n",
      " [305.   0.  11. 170. 107. 272. 262. 257. 315. 101. 447. 444. 259. 442.\n",
      "  449.]\n",
      " [295.  11.   0. 172. 107. 263. 256. 256. 312. 100. 440. 437. 250. 435.\n",
      "  442.]\n",
      " [318. 170. 172.   0.  67. 234. 183.  99. 170.  79. 351. 347. 230. 347.\n",
      "  355.]\n",
      " [284. 107. 107.  67.   0. 216. 183. 150. 211.  14. 366. 363. 208. 361.\n",
      "  369.]\n",
      " [105. 272. 263. 234. 216.   0.  69. 205. 187. 207. 190. 189.  16. 185.\n",
      "  191.]\n",
      " [174. 262. 256. 183. 183.  69.   0. 138. 120. 178. 185. 182.  76. 180.\n",
      "  188.]\n",
      " [307. 257. 256.  99. 150. 205. 138.   0.  74. 156. 272. 267. 209. 268.\n",
      "  276.]\n",
      " [293. 315. 312. 170. 211. 187. 120.  74.   0. 214. 204. 199. 196. 201.\n",
      "  209.]\n",
      " [272. 101. 100.  79.  14. 207. 178. 156. 214.   0. 362. 359. 199. 357.\n",
      "  365.]\n",
      " [249. 447. 440. 351. 366. 190. 185. 272. 204. 362.   0.   5. 206.   5.\n",
      "    5.]\n",
      " [250. 444. 437. 347. 363. 189. 182. 267. 199. 359.   5.   0. 205.   6.\n",
      "   10.]\n",
      " [ 99. 259. 250. 230. 208.  16.  76. 209. 196. 199. 206. 205.   0. 201.\n",
      "  207.]\n",
      " [245. 442. 435. 347. 361. 185. 180. 268. 201. 357.   5.   6. 201.   0.\n",
      "    8.]\n",
      " [248. 449. 442. 355. 369. 191. 188. 276. 209. 365.   5.  10. 207.   8.\n",
      "    0.]]\n",
      "------------------------------\n",
      "False\n",
      "20\n",
      "[[  0. 305. 295. 318. 284. 105. 174. 307. 293. 272. 249. 250.  99. 245.\n",
      "  248.]\n",
      " [305.   0.  11. 170. 107. 272. 262. 257. 315. 101. 447. 444. 259. 442.\n",
      "  449.]\n",
      " [295.  11.   0. 172. 107. 263. 256. 256. 312. 100. 440. 437. 250. 435.\n",
      "  442.]\n",
      " [318. 170. 172.   0.  67. 234. 183.  99. 170.  79. 351. 347. 230. 347.\n",
      "  355.]\n",
      " [284. 107. 107.  67.   0. 216. 183. 150. 211.  14. 366. 363. 208. 361.\n",
      "  369.]\n",
      " [105. 272. 263. 234. 216.   0.  69. 205. 187. 207. 190. 189.  16. 185.\n",
      "  191.]\n",
      " [174. 262. 256. 183. 183.  69.   0. 138. 120. 178. 185. 182.  76. 180.\n",
      "  188.]\n",
      " [307. 257. 256.  99. 150. 205. 138.   0.  74. 156. 272. 267. 209. 268.\n",
      "  276.]\n",
      " [293. 315. 312. 170. 211. 187. 120.  74.   0. 214. 204. 199. 196. 201.\n",
      "  209.]\n",
      " [272. 101. 100.  79.  14. 207. 178. 156. 214.   0. 362. 359. 199. 357.\n",
      "  365.]\n",
      " [249. 447. 440. 351. 366. 190. 185. 272. 204. 362.   0.   5. 206.   5.\n",
      "    5.]\n",
      " [250. 444. 437. 347. 363. 189. 182. 267. 199. 359.   5.   0. 205.   6.\n",
      "   10.]\n",
      " [ 99. 259. 250. 230. 208.  16.  76. 209. 196. 199. 206. 205.   0. 201.\n",
      "  207.]\n",
      " [245. 442. 435. 347. 361. 185. 180. 268. 201. 357.   5.   6. 201.   0.\n",
      "    8.]\n",
      " [248. 449. 442. 355. 369. 191. 188. 276. 209. 365.   5.  10. 207.   8.\n",
      "    0.]]\n",
      "------------------------------\n",
      "False\n",
      "21\n",
      "[[  0. 305. 295. 318. 284. 105. 174. 307. 293. 272. 249. 250.  99. 245.\n",
      "  248.]\n",
      " [305.   0.  11. 170. 107. 272. 262. 257. 315. 101. 447. 444. 259. 442.\n",
      "  449.]\n",
      " [295.  11.   0. 172. 107. 263. 256. 256. 312. 100. 440. 437. 250. 435.\n",
      "  442.]\n",
      " [318. 170. 172.   0.  67. 234. 183.  99. 170.  79. 351. 347. 230. 347.\n",
      "  355.]\n",
      " [284. 107. 107.  67.   0. 216. 183. 150. 211.  14. 366. 363. 208. 361.\n",
      "  369.]\n",
      " [105. 272. 263. 234. 216.   0.  69. 205. 187. 207. 190. 189.  16. 185.\n",
      "  191.]\n",
      " [174. 262. 256. 183. 183.  69.   0. 138. 120. 178. 185. 182.  76. 180.\n",
      "  188.]\n",
      " [307. 257. 256.  99. 150. 205. 138.   0.  74. 156. 272. 267. 209. 268.\n",
      "  276.]\n",
      " [293. 315. 312. 170. 211. 187. 120.  74.   0. 214. 204. 199. 196. 201.\n",
      "  209.]\n",
      " [272. 101. 100.  79.  14. 207. 178. 156. 214.   0. 362. 359. 199. 357.\n",
      "  365.]\n",
      " [249. 447. 440. 351. 366. 190. 185. 272. 204. 362.   0.   5. 206.   5.\n",
      "    5.]\n",
      " [250. 444. 437. 347. 363. 189. 182. 267. 199. 359.   5.   0. 205.   6.\n",
      "   10.]\n",
      " [ 99. 259. 250. 230. 208.  16.  76. 209. 196. 199. 206. 205.   0. 201.\n",
      "  207.]\n",
      " [245. 442. 435. 347. 361. 185. 180. 268. 201. 357.   5.   6. 201.   0.\n",
      "    8.]\n",
      " [248. 449. 442. 355. 369. 191. 188. 276. 209. 365.   5.  10. 207.   8.\n",
      "    0.]]\n",
      "------------------------------\n",
      "False\n",
      "22\n",
      "[[  0. 305. 295. 318. 284. 105. 174. 307. 293. 272. 249. 250.  99. 245.\n",
      "  248.]\n",
      " [305.   0.  11. 170. 107. 272. 262. 257. 315. 101. 447. 444. 259. 442.\n",
      "  449.]\n",
      " [295.  11.   0. 172. 107. 263. 256. 256. 312. 100. 440. 437. 250. 435.\n",
      "  442.]\n",
      " [318. 170. 172.   0.  67. 234. 183.  99. 170.  79. 351. 347. 230. 347.\n",
      "  355.]\n",
      " [284. 107. 107.  67.   0. 216. 183. 150. 211.  14. 366. 363. 208. 361.\n",
      "  369.]\n",
      " [105. 272. 263. 234. 216.   0.  69. 205. 187. 207. 190. 189.  16. 185.\n",
      "  191.]\n",
      " [174. 262. 256. 183. 183.  69.   0. 138. 120. 178. 185. 182.  76. 180.\n",
      "  188.]\n",
      " [307. 257. 256.  99. 150. 205. 138.   0.  74. 156. 272. 267. 209. 268.\n",
      "  276.]\n",
      " [293. 315. 312. 170. 211. 187. 120.  74.   0. 214. 204. 199. 196. 201.\n",
      "  209.]\n",
      " [272. 101. 100.  79.  14. 207. 178. 156. 214.   0. 362. 359. 199. 357.\n",
      "  365.]\n",
      " [249. 447. 440. 351. 366. 190. 185. 272. 204. 362.   0.   5. 206.   5.\n",
      "    5.]\n",
      " [250. 444. 437. 347. 363. 189. 182. 267. 199. 359.   5.   0. 205.   6.\n",
      "   10.]\n",
      " [ 99. 259. 250. 230. 208.  16.  76. 209. 196. 199. 206. 205.   0. 201.\n",
      "  207.]\n",
      " [245. 442. 435. 347. 361. 185. 180. 268. 201. 357.   5.   6. 201.   0.\n",
      "    8.]\n",
      " [248. 449. 442. 355. 369. 191. 188. 276. 209. 365.   5.  10. 207.   8.\n",
      "    0.]]\n",
      "------------------------------\n",
      "False\n",
      "23\n",
      "[[  0. 305. 295. 318. 284. 105. 174. 307. 293. 272. 249. 250.  99. 245.\n",
      "  248.]\n",
      " [305.   0.  11. 170. 107. 272. 262. 257. 315. 101. 447. 444. 259. 442.\n",
      "  449.]\n",
      " [295.  11.   0. 172. 107. 263. 256. 256. 312. 100. 440. 437. 250. 435.\n",
      "  442.]\n",
      " [318. 170. 172.   0.  67. 234. 183.  99. 170.  79. 351. 347. 230. 347.\n",
      "  355.]\n",
      " [284. 107. 107.  67.   0. 216. 183. 150. 211.  14. 366. 363. 208. 361.\n",
      "  369.]\n",
      " [105. 272. 263. 234. 216.   0.  69. 205. 187. 207. 190. 189.  16. 185.\n",
      "  191.]\n",
      " [174. 262. 256. 183. 183.  69.   0. 138. 120. 178. 185. 182.  76. 180.\n",
      "  188.]\n",
      " [307. 257. 256.  99. 150. 205. 138.   0.  74. 156. 272. 267. 209. 268.\n",
      "  276.]\n",
      " [293. 315. 312. 170. 211. 187. 120.  74.   0. 214. 204. 199. 196. 201.\n",
      "  209.]\n",
      " [272. 101. 100.  79.  14. 207. 178. 156. 214.   0. 362. 359. 199. 357.\n",
      "  365.]\n",
      " [249. 447. 440. 351. 366. 190. 185. 272. 204. 362.   0.   5. 206.   5.\n",
      "    5.]\n",
      " [250. 444. 437. 347. 363. 189. 182. 267. 199. 359.   5.   0. 205.   6.\n",
      "   10.]\n",
      " [ 99. 259. 250. 230. 208.  16.  76. 209. 196. 199. 206. 205.   0. 201.\n",
      "  207.]\n",
